微信图片_20260501210844_185_12.jpg -0.728742649 -0.667137741 -0.154471311 0.684062969 -0.719583593 -0.119403970 -0.031496126 -0.192682869 0.980755477 -0.391769912 0.178871242 1.225586704
微信图片_20260501210845_186_12.jpg -0.676035679 0.594739901 0.435040470 -0.689181370 -0.719267204 -0.087656880 0.260777299 -0.359080965 0.896133953 0.452935398 -0.489708296 1.706905882
微信图片_20260501210849_189_12.jpg -0.973269128 -0.209760982 -0.093528261 0.226038175 -0.946974368 -0.228355623 -0.040668766 -0.243392435 0.969074906 -0.488452594 0.027044630 1.610199044
微信图片_20260501210851_190_12.jpg 0.912326741 -0.398018039 0.096133026 0.408950682 0.897457156 -0.165317853 -0.020475785 0.190137565 0.981543911 0.166170433 -0.035055051 2.024209606
微信图片_20260501210852_191_12.jpg 0.961269517 0.191123025 -0.198577203 -0.213636433 0.971910309 -0.098741206 0.174127513 0.137340237 0.975098594 -0.133189448 -0.018966687 0.307896072
微信图片_20260501210853_192_12.jpg -0.954976565 0.281799820 0.092782655 -0.286186193 -0.957432547 -0.037687947 0.078212677 -0.062544221 0.994972863 -0.088589799 -0.084369833 0.940612314
微信图片_20260501210855_193_12.jpg -0.972670481 0.212213283 0.094221323 -0.210859863 -0.977216440 0.024210487 0.097212413 0.003681330 0.995256849 -0.110420168 0.005257837 0.937116144
微信图片_20260501210856_194_12.jpg 1.000000000 0.000000000 0.000000000 0.000000000 1.000000000 0.000000000 0.000000000 0.000000000 1.000000000 0.000000000 0.000000000 0.000000000
微信图片_20260501210859_196_12.jpg 0.939560371 0.285419212 0.189108915 -0.342045944 0.757957100 0.555432810 0.015194750 -0.586546595 0.809772938 0.572570496 0.602472241 1.137674348
微信图片_20260501210902_198_12.jpg 0.974314887 0.118403362 0.191549325 -0.130395452 0.990138311 0.051216705 -0.183596095 -0.074878359 0.980145757 -0.138615532 0.059184963 0.073011972
微信图片_20260501210903_199_12.jpg 0.960395858 0.275672130 0.040554556 -0.262881297 0.848182664 0.459869104 0.092375424 -0.452317417 0.887060164 -0.013641283 -0.260226200 -0.143987665
微信图片_20260501210908_203_12.jpg 0.404037406 -0.914550776 0.018725717 0.908059239 0.398531371 -0.128845505 0.110372971 0.069062464 0.991487863 0.314402403 -0.052677806 1.298485759
微信图片_20260501210910_204_12.jpg 0.997795293 -0.066188765 0.004858045 0.065757646 0.976089544 -0.207183816 0.008971354 0.207046490 0.978289970 0.219774560 -0.025904628 0.975206692
微信图片_20260501210911_205_12.jpg 0.993303368 0.099792726 0.058222256 -0.080649423 0.959739080 -0.269066105 -0.082729015 0.262568677 0.961360286 0.223845316 -0.071150751 1.530972708
微信图片_20260501210912_206_12.jpg -0.949387456 0.305956277 0.071093002 -0.303217353 -0.951770042 0.046829744 0.081992043 0.022902940 0.996369791 -0.114822992 -0.011266229 0.705570629
微信图片_20260501210913_207_12.jpg 0.724326942 -0.603380811 -0.333589687 0.648274320 0.760751024 0.031595657 0.234714483 -0.239143213 0.942188747 -0.237737540 0.360206949 1.320154674
微信图片_20260501210915_208_12.jpg 0.761689549 -0.543880825 -0.352168539 0.598167702 0.799155015 0.059553868 0.249047047 -0.256017405 0.934039965 -0.308578935 0.345498741 1.220930088
微信图片_20260501210916_209_12.jpg 0.368667338 -0.895276155 -0.250129965 0.915558254 0.303190662 0.264250839 -0.160740405 -0.326429208 0.931453968 0.087098115 0.468547295 0.865932710
微信图片_20260501210917_210_12.jpg 0.348285420 -0.916894525 -0.194940240 0.899617676 0.268505921 0.344372773 -0.263410901 -0.295311702 0.918371219 0.210973910 0.127439299 0.304946167
微信图片_20260501210918_211_12.jpg 0.676815668 0.733809827 -0.058682962 -0.592212548 0.590095740 0.548699659 0.437269768 -0.336615740 0.833957429 0.155632264 0.344073299 0.732319955
微信图片_20260501210920_212_12.jpg 0.747739136 0.663347031 -0.029272865 -0.533477979 0.626427431 0.568322020 0.395332051 -0.409340187 0.822285340 0.159753656 0.507028197 0.889219124
微信图片_20260501210921_213_12.jpg -0.958168647 0.250836461 0.137818411 -0.129420558 -0.809231063 0.573057942 0.255270765 0.531249617 0.807843228 -0.058332186 0.336261553 0.420438500
微信图片_20260501210922_214_12.jpg -0.969336611 0.245603470 0.008091301 -0.192861170 -0.780755568 0.594327614 0.152286252 0.574543017 0.804182329 -0.058288059 0.110850950 0.250052578
微信图片_20260501210923_215_12.jpg 0.701729878 0.709342458 -0.066396200 -0.580128685 0.623015353 0.524692843 0.413552763 -0.329674304 0.848698395 0.004391070 0.067202010 0.099810144
微信图片_20260501210925_216_12.jpg 0.792607273 0.596818645 -0.124824740 -0.510494590 0.761497821 0.399394969 0.333420132 -0.252841003 0.908241401 0.013211116 0.034691622 0.334720890
微信图片_20260501210926_217_12.jpg -0.912356423 0.406223045 0.050878243 -0.387993946 -0.897612719 0.209170039 0.130638648 0.171097178 0.976554811 -0.078659112 -0.007471319 -0.181413150
微信图片_20260501210927_218_12.jpg 0.806597255 0.550324274 -0.215740729 -0.536625699 0.834788806 0.123128017 0.247858282 0.016457299 0.968656507 -0.020678248 -0.020097973 -0.558394764
微信图片_20260501210929_219_12.jpg 0.100625514 -0.985752094 0.134786182 0.968760269 0.127940158 0.212449658 -0.226667260 0.109197642 0.967831508 0.106071593 -0.286262156 -0.243639151
微信图片_20260501210933_220_12.jpg -0.909773804 0.408586464 0.073271601 -0.365046177 -0.871532720 0.327371358 0.197618104 0.271086368 0.942050565 -0.025975991 0.129532516 0.008804879
