{
  "\u5fae\u4fe1\u56fe\u7247_20260501210844_185_12.jpg": {
    "K": [
      [
        1200.0,
        0.0,
        500.0
      ],
      [
        0.0,
        1200.0,
        375.0
      ],
      [
        0.0,
        0.0,
        1.0
      ]
    ],
    "R": [
      [
        -0.7287426494343534,
        -0.6671377406778408,
        -0.15447131079480503
      ],
      [
        0.6840629685511778,
        -0.7195835927751504,
        -0.11940397005860814
      ],
      [
        -0.031496125989548276,
        -0.19268286891177622,
        0.9807554772090635
      ]
    ],
    "t": [
      -0.39176991194060834,
      0.1788712415920619,
      1.2255867040453552
    ]
  },
  "\u5fae\u4fe1\u56fe\u7247_20260501210845_186_12.jpg": {
    "K": [
      [
        1200.0,
        0.0,
        500.0
      ],
      [
        0.0,
        1200.0,
        375.0
      ],
      [
        0.0,
        0.0,
        1.0
      ]
    ],
    "R": [
      [
        -0.6760356794685182,
        0.5947399008025225,
        0.43504046993233225
      ],
      [
        -0.6891813698934641,
        -0.7192672040766642,
        -0.08765687954465617
      ],
      [
        0.2607772986233792,
        -0.35908096515012283,
        0.896133952592774
      ]
    ],
    "t": [
      0.45293539790481835,
      -0.489708296201375,
      1.7069058815463463
    ]
  },
  "\u5fae\u4fe1\u56fe\u7247_20260501210849_189_12.jpg": {
    "K": [
      [
        1200.0,
        0.0,
        500.0
      ],
      [
        0.0,
        1200.0,
        375.0
      ],
      [
        0.0,
        0.0,
        1.0
      ]
    ],
    "R": [
      [
        -0.973269127618511,
        -0.20976098226220893,
        -0.09352826067609654
      ],
      [
        0.22603817534967227,
        -0.9469743675739661,
        -0.2283556227520523
      ],
      [
        -0.040668765770470655,
        -0.24339243512952508,
        0.9690749062959098
      ]
    ],
    "t": [
      -0.48845259356139514,
      0.027044630496094024,
      1.6101990441015657
    ]
  },
  "\u5fae\u4fe1\u56fe\u7247_20260501210851_190_12.jpg": {
    "K": [
      [
        1200.0,
        0.0,
        500.0
      ],
      [
        0.0,
        1200.0,
        375.0
      ],
      [
        0.0,
        0.0,
        1.0
      ]
    ],
    "R": [
      [
        0.9123267408651119,
        -0.3980180386992513,
        0.09613302643963861
      ],
      [
        0.4089506817960015,
        0.8974571561928223,
        -0.1653178534123816
      ],
      [
        -0.020475784747561003,
        0.19013756511613766,
        0.9815439106686354
      ]
    ],
    "t": [
      0.16617043294564982,
      -0.03505505081987249,
      2.024209605977572
    ]
  },
  "\u5fae\u4fe1\u56fe\u7247_20260501210852_191_12.jpg": {
    "K": [
      [
        1200.0,
        0.0,
        500.0
      ],
      [
        0.0,
        1200.0,
        375.0
      ],
      [
        0.0,
        0.0,
        1.0
      ]
    ],
    "R": [
      [
        0.9612695166175004,
        0.19112302504785142,
        -0.19857720342102597
      ],
      [
        -0.21363643319780665,
        0.9719103089526085,
        -0.0987412059991373
      ],
      [
        0.17412751314044622,
        0.13734023681428298,
        0.9750985942556375
      ]
    ],
    "t": [
      -0.1331894477246681,
      -0.018966686766552845,
      0.3078960724305461
    ]
  },
  "\u5fae\u4fe1\u56fe\u7247_20260501210853_192_12.jpg": {
    "K": [
      [
        1200.0,
        0.0,
        500.0
      ],
      [
        0.0,
        1200.0,
        375.0
      ],
      [
        0.0,
        0.0,
        1.0
      ]
    ],
    "R": [
      [
        -0.9549765653293936,
        0.2817998201892185,
        0.09278265469902572
      ],
      [
        -0.2861861926752371,
        -0.9574325468496537,
        -0.03768794707910779
      ],
      [
        0.07821267668176682,
        -0.06254422095053767,
        0.994972862761575
      ]
    ],
    "t": [
      -0.0885897986466426,
      -0.0843698330594443,
      0.9406123136330382
    ]
  },
  "\u5fae\u4fe1\u56fe\u7247_20260501210855_193_12.jpg": {
    "K": [
      [
        1200.0,
        0.0,
        500.0
      ],
      [
        0.0,
        1200.0,
        375.0
      ],
      [
        0.0,
        0.0,
        1.0
      ]
    ],
    "R": [
      [
        -0.9726704811860262,
        0.21221328256295857,
        0.09422132313440632
      ],
      [
        -0.2108598629970178,
        -0.9772164399506209,
        0.024210486717816553
      ],
      [
        0.09721241281967638,
        0.0036813304780478635,
        0.9952568485570394
      ]
    ],
    "t": [
      -0.11042016758770534,
      0.005257836624581025,
      0.9371161439084368
    ]
  },
  "\u5fae\u4fe1\u56fe\u7247_20260501210856_194_12.jpg": {
    "K": [
      [
        1200.0,
        0.0,
        500.0
      ],
      [
        0.0,
        1200.0,
        375.0
      ],
      [
        0.0,
        0.0,
        1.0
      ]
    ],
    "R": [
      [
        1.0,
        0.0,
        0.0
      ],
      [
        0.0,
        1.0,
        0.0
      ],
      [
        0.0,
        0.0,
        1.0
      ]
    ],
    "t": [
      0.0,
      0.0,
      0.0
    ]
  },
  "\u5fae\u4fe1\u56fe\u7247_20260501210859_196_12.jpg": {
    "K": [
      [
        1200.0,
        0.0,
        500.0
      ],
      [
        0.0,
        1200.0,
        375.0
      ],
      [
        0.0,
        0.0,
        1.0
      ]
    ],
    "R": [
      [
        0.9395603714039613,
        0.28541921220288147,
        0.18910891515932504
      ],
      [
        -0.34204594435672897,
        0.7579570997849032,
        0.5554328103693297
      ],
      [
        0.015194750289615214,
        -0.5865465950725012,
        0.8097729381576613
      ]
    ],
    "t": [
      0.572570495768903,
      0.6024722411384743,
      1.1376743477227895
    ]
  },
  "\u5fae\u4fe1\u56fe\u7247_20260501210902_198_12.jpg": {
    "K": [
      [
        1200.0,
        0.0,
        500.0
      ],
      [
        0.0,
        1200.0,
        375.0
      ],
      [
        0.0,
        0.0,
        1.0
      ]
    ],
    "R": [
      [
        0.9743148874901786,
        0.11840336158380932,
        0.19154932518976506
      ],
      [
        -0.13039545169412162,
        0.9901383111761276,
        0.051216705465814825
      ],
      [
        -0.18359609525392054,
        -0.07487835940336657,
        0.9801457570691073
      ]
    ],
    "t": [
      -0.13861553158015197,
      0.05918496272408149,
      0.07301197196526951
    ]
  },
  "\u5fae\u4fe1\u56fe\u7247_20260501210903_199_12.jpg": {
    "K": [
      [
        1200.0,
        0.0,
        500.0
      ],
      [
        0.0,
        1200.0,
        375.0
      ],
      [
        0.0,
        0.0,
        1.0
      ]
    ],
    "R": [
      [
        0.9603958583164556,
        0.2756721301175555,
        0.040554555909887866
      ],
      [
        -0.26288129701207746,
        0.8481826635247407,
        0.45986910417783505
      ],
      [
        0.09237542427424407,
        -0.4523174172774315,
        0.8870601642603659
      ]
    ],
    "t": [
      -0.01364128313711584,
      -0.26022619999760066,
      -0.14398766492008513
    ]
  },
  "\u5fae\u4fe1\u56fe\u7247_20260501210908_203_12.jpg": {
    "K": [
      [
        1200.0,
        0.0,
        500.0
      ],
      [
        0.0,
        1200.0,
        375.0
      ],
      [
        0.0,
        0.0,
        1.0
      ]
    ],
    "R": [
      [
        0.40403740564999396,
        -0.9145507762674139,
        0.018725716656328627
      ],
      [
        0.9080592392996947,
        0.39853137109617603,
        -0.12884550506192272
      ],
      [
        0.11037297113914327,
        0.0690624636171698,
        0.991487863446167
      ]
    ],
    "t": [
      0.31440240308273965,
      -0.052677805787747,
      1.2984857594582102
    ]
  },
  "\u5fae\u4fe1\u56fe\u7247_20260501210910_204_12.jpg": {
    "K": [
      [
        1200.0,
        0.0,
        500.0
      ],
      [
        0.0,
        1200.0,
        375.0
      ],
      [
        0.0,
        0.0,
        1.0
      ]
    ],
    "R": [
      [
        0.9977952930101168,
        -0.06618876523276027,
        0.004858045267148892
      ],
      [
        0.06575764639200958,
        0.976089544316399,
        -0.20718381552907905
      ],
      [
        0.00897135373500188,
        0.20704648954562502,
        0.9782899702945925
      ]
    ],
    "t": [
      0.2197745599900184,
      -0.025904627538917768,
      0.9752066924776838
    ]
  },
  "\u5fae\u4fe1\u56fe\u7247_20260501210911_205_12.jpg": {
    "K": [
      [
        1200.0,
        0.0,
        500.0
      ],
      [
        0.0,
        1200.0,
        375.0
      ],
      [
        0.0,
        0.0,
        1.0
      ]
    ],
    "R": [
      [
        0.9933033679134433,
        0.09979272610884256,
        0.058222256118911214
      ],
      [
        -0.08064942297870852,
        0.9597390800017888,
        -0.2690661050569568
      ],
      [
        -0.08272901465031435,
        0.2625686769839188,
        0.9613602862620769
      ]
    ],
    "t": [
      0.22384531601834715,
      -0.07115075119422247,
      1.5309727082443956
    ]
  },
  "\u5fae\u4fe1\u56fe\u7247_20260501210912_206_12.jpg": {
    "K": [
      [
        1200.0,
        0.0,
        500.0
      ],
      [
        0.0,
        1200.0,
        375.0
      ],
      [
        0.0,
        0.0,
        1.0
      ]
    ],
    "R": [
      [
        -0.9493874561251643,
        0.3059562767175556,
        0.07109300169017935
      ],
      [
        -0.3032173527189323,
        -0.9517700416004219,
        0.046829743988770024
      ],
      [
        0.08199204328660126,
        0.022902939747152316,
        0.9963697908852043
      ]
    ],
    "t": [
      -0.11482299160504206,
      -0.011266228706396979,
      0.705570628721669
    ]
  },
  "\u5fae\u4fe1\u56fe\u7247_20260501210913_207_12.jpg": {
    "K": [
      [
        1200.0,
        0.0,
        500.0
      ],
      [
        0.0,
        1200.0,
        375.0
      ],
      [
        0.0,
        0.0,
        1.0
      ]
    ],
    "R": [
      [
        0.7243269415704082,
        -0.6033808106439674,
        -0.33358968668393707
      ],
      [
        0.648274319517229,
        0.7607510243864976,
        0.03159565712828756
      ],
      [
        0.23471448265868092,
        -0.23914321282763468,
        0.9421887472203987
      ]
    ],
    "t": [
      -0.2377375398846972,
      0.3602069488980876,
      1.3201546735859537
    ]
  },
  "\u5fae\u4fe1\u56fe\u7247_20260501210915_208_12.jpg": {
    "K": [
      [
        1200.0,
        0.0,
        500.0
      ],
      [
        0.0,
        1200.0,
        375.0
      ],
      [
        0.0,
        0.0,
        1.0
      ]
    ],
    "R": [
      [
        0.7616895487424378,
        -0.5438808245841511,
        -0.3521685391772032
      ],
      [
        0.5981677018873279,
        0.7991550145245191,
        0.05955386787731218
      ],
      [
        0.2490470472729483,
        -0.25601740450598176,
        0.9340399653305239
      ]
    ],
    "t": [
      -0.3085789348866818,
      0.3454987414094201,
      1.2209300878256897
    ]
  },
  "\u5fae\u4fe1\u56fe\u7247_20260501210916_209_12.jpg": {
    "K": [
      [
        1200.0,
        0.0,
        500.0
      ],
      [
        0.0,
        1200.0,
        375.0
      ],
      [
        0.0,
        0.0,
        1.0
      ]
    ],
    "R": [
      [
        0.36866733758386416,
        -0.8952761554992874,
        -0.2501299654044684
      ],
      [
        0.9155582539187872,
        0.30319066246591647,
        0.2642508389289617
      ],
      [
        -0.16074040525022465,
        -0.32642920762072464,
        0.9314539680156497
      ]
    ],
    "t": [
      0.08709811504546776,
      0.4685472949391352,
      0.8659327098677584
    ]
  },
  "\u5fae\u4fe1\u56fe\u7247_20260501210917_210_12.jpg": {
    "K": [
      [
        1200.0,
        0.0,
        500.0
      ],
      [
        0.0,
        1200.0,
        375.0
      ],
      [
        0.0,
        0.0,
        1.0
      ]
    ],
    "R": [
      [
        0.34828541980106964,
        -0.9168945245153237,
        -0.19494024024764994
      ],
      [
        0.8996176763375432,
        0.2685059212461989,
        0.34437277284473244
      ],
      [
        -0.2634109010178439,
        -0.2953117017145592,
        0.9183712190913973
      ]
    ],
    "t": [
      0.2109739098486961,
      0.12743929878545482,
      0.30494616747096004
    ]
  },
  "\u5fae\u4fe1\u56fe\u7247_20260501210918_211_12.jpg": {
    "K": [
      [
        1200.0,
        0.0,
        500.0
      ],
      [
        0.0,
        1200.0,
        375.0
      ],
      [
        0.0,
        0.0,
        1.0
      ]
    ],
    "R": [
      [
        0.6768156677485059,
        0.7338098267733377,
        -0.05868296193128045
      ],
      [
        -0.5922125480589355,
        0.5900957395017089,
        0.5486996593250939
      ],
      [
        0.43726976777692617,
        -0.33661573990652205,
        0.833957429270522
      ]
    ],
    "t": [
      0.1556322635054821,
      0.3440732988824184,
      0.7323199550288629
    ]
  },
  "\u5fae\u4fe1\u56fe\u7247_20260501210920_212_12.jpg": {
    "K": [
      [
        1200.0,
        0.0,
        500.0
      ],
      [
        0.0,
        1200.0,
        375.0
      ],
      [
        0.0,
        0.0,
        1.0
      ]
    ],
    "R": [
      [
        0.7477391358773114,
        0.6633470313804153,
        -0.02927286518674979
      ],
      [
        -0.5334779791630324,
        0.6264274314604166,
        0.5683220203916368
      ],
      [
        0.39533205084533485,
        -0.40934018746355116,
        0.8222853400746764
      ]
    ],
    "t": [
      0.15975365585113047,
      0.507028196715392,
      0.8892191243144688
    ]
  },
  "\u5fae\u4fe1\u56fe\u7247_20260501210921_213_12.jpg": {
    "K": [
      [
        1200.0,
        0.0,
        500.0
      ],
      [
        0.0,
        1200.0,
        375.0
      ],
      [
        0.0,
        0.0,
        1.0
      ]
    ],
    "R": [
      [
        -0.9581686466996613,
        0.2508364606847634,
        0.13781841122607957
      ],
      [
        -0.12942055776500258,
        -0.8092310634458981,
        0.5730579422554203
      ],
      [
        0.2552707654815476,
        0.531249617360203,
        0.8078432275789056
      ]
    ],
    "t": [
      -0.05833218556967428,
      0.3362615529937506,
      0.42043850028984486
    ]
  },
  "\u5fae\u4fe1\u56fe\u7247_20260501210922_214_12.jpg": {
    "K": [
      [
        1200.0,
        0.0,
        500.0
      ],
      [
        0.0,
        1200.0,
        375.0
      ],
      [
        0.0,
        0.0,
        1.0
      ]
    ],
    "R": [
      [
        -0.9693366114747664,
        0.24560347006638134,
        0.008091300635241605
      ],
      [
        -0.19286117031340477,
        -0.7807555677575002,
        0.5943276136955168
      ],
      [
        0.1522862523012554,
        0.574543017455626,
        0.8041823291101482
      ]
    ],
    "t": [
      -0.058288059471557116,
      0.11085094961479255,
      0.2500525779752092
    ]
  },
  "\u5fae\u4fe1\u56fe\u7247_20260501210923_215_12.jpg": {
    "K": [
      [
        1200.0,
        0.0,
        500.0
      ],
      [
        0.0,
        1200.0,
        375.0
      ],
      [
        0.0,
        0.0,
        1.0
      ]
    ],
    "R": [
      [
        0.7017298781076358,
        0.709342458060441,
        -0.06639619991998033
      ],
      [
        -0.580128684507297,
        0.6230153530635556,
        0.5246928427746332
      ],
      [
        0.41355276275570385,
        -0.3296743044883307,
        0.8486983948242508
      ]
    ],
    "t": [
      0.004391070371946243,
      0.06720200959713608,
      0.09981014449001546
    ]
  },
  "\u5fae\u4fe1\u56fe\u7247_20260501210925_216_12.jpg": {
    "K": [
      [
        1200.0,
        0.0,
        500.0
      ],
      [
        0.0,
        1200.0,
        375.0
      ],
      [
        0.0,
        0.0,
        1.0
      ]
    ],
    "R": [
      [
        0.7926072729736934,
        0.5968186451049531,
        -0.12482473987272368
      ],
      [
        -0.5104945900600371,
        0.7614978214353533,
        0.39939496925805873
      ],
      [
        0.3334201318886427,
        -0.25284100301236523,
        0.9082414011963236
      ]
    ],
    "t": [
      0.013211115679379075,
      0.034691622208154985,
      0.33472088967374214
    ]
  },
  "\u5fae\u4fe1\u56fe\u7247_20260501210926_217_12.jpg": {
    "K": [
      [
        1200.0,
        0.0,
        500.0
      ],
      [
        0.0,
        1200.0,
        375.0
      ],
      [
        0.0,
        0.0,
        1.0
      ]
    ],
    "R": [
      [
        -0.912356422551297,
        0.40622304540758547,
        0.05087824298446094
      ],
      [
        -0.38799394563663725,
        -0.8976127188836944,
        0.20917003859906858
      ],
      [
        0.13063864810504308,
        0.17109717787856238,
        0.9765548112334906
      ]
    ],
    "t": [
      -0.07865911169021249,
      -0.007471318768918311,
      -0.18141315045695602
    ]
  },
  "\u5fae\u4fe1\u56fe\u7247_20260501210927_218_12.jpg": {
    "K": [
      [
        1200.0,
        0.0,
        500.0
      ],
      [
        0.0,
        1200.0,
        375.0
      ],
      [
        0.0,
        0.0,
        1.0
      ]
    ],
    "R": [
      [
        0.8065972545857126,
        0.5503242741026649,
        -0.21574072918242843
      ],
      [
        -0.5366256990454682,
        0.8347888060044169,
        0.12312801668865896
      ],
      [
        0.2478582821266087,
        0.01645729938644354,
        0.9686565073740802
      ]
    ],
    "t": [
      -0.020678248214040337,
      -0.020097973110889292,
      -0.5583947643135868
    ]
  },
  "\u5fae\u4fe1\u56fe\u7247_20260501210929_219_12.jpg": {
    "K": [
      [
        1200.0,
        0.0,
        500.0
      ],
      [
        0.0,
        1200.0,
        375.0
      ],
      [
        0.0,
        0.0,
        1.0
      ]
    ],
    "R": [
      [
        0.10062551382081751,
        -0.9857520940884048,
        0.13478618240985027
      ],
      [
        0.9687602691046342,
        0.12794015750429827,
        0.21244965780648456
      ],
      [
        -0.2266672604780264,
        0.10919764236511854,
        0.967831508026726
      ]
    ],
    "t": [
      0.10607159320813311,
      -0.2862621558632744,
      -0.24363915131930777
    ]
  },
  "\u5fae\u4fe1\u56fe\u7247_20260501210933_220_12.jpg": {
    "K": [
      [
        1200.0,
        0.0,
        500.0
      ],
      [
        0.0,
        1200.0,
        375.0
      ],
      [
        0.0,
        0.0,
        1.0
      ]
    ],
    "R": [
      [
        -0.9097738037920694,
        0.4085864637628295,
        0.07327160134387192
      ],
      [
        -0.3650461766495584,
        -0.871532720498747,
        0.32737135796155464
      ],
      [
        0.19761810354127138,
        0.2710863676576876,
        0.9420505646847795
      ]
    ],
    "t": [
      -0.025975991437723233,
      0.12953251591361206,
      0.008804879172959969
    ]
  }
}