{
  "\u5fae\u4fe1\u56fe\u7247_20260501210844_185_12.jpg": {
    "K": [
      [
        1200.0,
        0.0,
        500.0
      ],
      [
        0.0,
        1200.0,
        375.0
      ],
      [
        0.0,
        0.0,
        1.0
      ]
    ],
    "R": [
      [
        -0.7197241499139142,
        -0.6784605078427851,
        -0.14727011688867386
      ],
      [
        0.6942383574911178,
        -0.7016424375563726,
        -0.16040883020578006
      ],
      [
        0.005500092610899607,
        -0.21769067301485834,
        0.9760023155011514
      ]
    ],
    "t": [
      -0.412475919739801,
      0.3519441270807385,
      1.200085001571137
    ]
  },
  "\u5fae\u4fe1\u56fe\u7247_20260501210845_186_12.jpg": {
    "K": [
      [
        1200.0,
        0.0,
        500.0
      ],
      [
        0.0,
        1200.0,
        375.0
      ],
      [
        0.0,
        0.0,
        1.0
      ]
    ],
    "R": [
      [
        -0.6938554374140764,
        0.5485948538754616,
        0.4664850675769607
      ],
      [
        -0.6273248654753923,
        -0.7785612825183014,
        -0.017488353831582176
      ],
      [
        0.35359319157359576,
        -0.3047720716614607,
        0.8843561721433167
      ]
    ],
    "t": [
      0.514882658296727,
      -0.8923210072222453,
      2.189630604152972
    ]
  },
  "\u5fae\u4fe1\u56fe\u7247_20260501210849_189_12.jpg": {
    "K": [
      [
        1200.0,
        0.0,
        500.0
      ],
      [
        0.0,
        1200.0,
        375.0
      ],
      [
        0.0,
        0.0,
        1.0
      ]
    ],
    "R": [
      [
        -0.9643082198785289,
        -0.26018698213046826,
        -0.04911610127587683
      ],
      [
        0.26281878669500686,
        -0.9179975998688896,
        -0.2969961144444867
      ],
      [
        0.032186059635613926,
        -0.2993044285753178,
        0.9536146583396958
      ]
    ],
    "t": [
      -0.7040315013247501,
      0.27285372146950854,
      1.8258836551276358
    ]
  },
  "\u5fae\u4fe1\u56fe\u7247_20260501210851_190_12.jpg": {
    "K": [
      [
        1200.0,
        0.0,
        500.0
      ],
      [
        0.0,
        1200.0,
        375.0
      ],
      [
        0.0,
        0.0,
        1.0
      ]
    ],
    "R": [
      [
        0.9084329912257769,
        -0.4009994527360988,
        0.11810562796893637
      ],
      [
        0.4165312294300354,
        0.8922039542230957,
        -0.17456757711034257
      ],
      [
        -0.03537280540317281,
        0.20777762866589242,
        0.9775363019672916
      ]
    ],
    "t": [
      0.0621726125196119,
      0.006600538259002573,
      1.9856499444914095
    ]
  },
  "\u5fae\u4fe1\u56fe\u7247_20260501210852_191_12.jpg": {
    "K": [
      [
        1200.0,
        0.0,
        500.0
      ],
      [
        0.0,
        1200.0,
        375.0
      ],
      [
        0.0,
        0.0,
        1.0
      ]
    ],
    "R": [
      [
        0.9683537629469398,
        0.16361845813677647,
        -0.18846747715042442
      ],
      [
        -0.17732202518457127,
        0.9824311875928019,
        -0.058188151967897575
      ],
      [
        0.17563567169269487,
        0.08976615064678221,
        0.9803540936963109
      ]
    ],
    "t": [
      -0.20726513623075588,
      -0.21416530966573355,
      0.5754282942279376
    ]
  },
  "\u5fae\u4fe1\u56fe\u7247_20260501210853_192_12.jpg": {
    "K": [
      [
        1200.0,
        0.0,
        500.0
      ],
      [
        0.0,
        1200.0,
        375.0
      ],
      [
        0.0,
        0.0,
        1.0
      ]
    ],
    "R": [
      [
        -0.9558044184676309,
        0.2638673224348042,
        0.12966090308508998
      ],
      [
        -0.27385300037434407,
        -0.959497863498732,
        -0.06609375255905953
      ],
      [
        0.10696937797203246,
        -0.0986807280701543,
        0.9893531553918558
      ]
    ],
    "t": [
      -0.23633291083873834,
      0.015478624806321622,
      1.0347237637974556
    ]
  },
  "\u5fae\u4fe1\u56fe\u7247_20260501210855_193_12.jpg": {
    "K": [
      [
        1200.0,
        0.0,
        500.0
      ],
      [
        0.0,
        1200.0,
        375.0
      ],
      [
        0.0,
        0.0,
        1.0
      ]
    ],
    "R": [
      [
        -0.9738427942341027,
        0.19636637447694064,
        0.11432610853648938
      ],
      [
        -0.19656865386147251,
        -0.980442934471351,
        0.009613353436486142
      ],
      [
        0.11397796470109404,
        -0.01311103428369064,
        0.993396760787254
      ]
    ],
    "t": [
      -0.19180545764901896,
      0.06208062543433475,
      0.9158199055071785
    ]
  },
  "\u5fae\u4fe1\u56fe\u7247_20260501210856_194_12.jpg": {
    "K": [
      [
        1200.0,
        0.0,
        500.0
      ],
      [
        0.0,
        1200.0,
        375.0
      ],
      [
        0.0,
        0.0,
        1.0
      ]
    ],
    "R": [
      [
        1.0,
        0.0,
        0.0
      ],
      [
        0.0,
        1.0,
        0.0
      ],
      [
        0.0,
        0.0,
        1.0
      ]
    ],
    "t": [
      0.0,
      0.0,
      0.0
    ]
  },
  "\u5fae\u4fe1\u56fe\u7247_20260501210859_196_12.jpg": {
    "K": [
      [
        1200.0,
        0.0,
        500.0
      ],
      [
        0.0,
        1200.0,
        375.0
      ],
      [
        0.0,
        0.0,
        1.0
      ]
    ],
    "R": [
      [
        0.9333548880381496,
        0.34794110227383074,
        0.08823628688790586
      ],
      [
        -0.3275826552732655,
        0.7251438671364581,
        0.6056863676181755
      ],
      [
        0.14675918008564262,
        -0.5942250089846896,
        0.790796043084268
      ]
    ],
    "t": [
      0.9150700318553422,
      0.28215557209919506,
      1.014503371387697
    ]
  },
  "\u5fae\u4fe1\u56fe\u7247_20260501210902_198_12.jpg": {
    "K": [
      [
        1200.0,
        0.0,
        500.0
      ],
      [
        0.0,
        1200.0,
        375.0
      ],
      [
        0.0,
        0.0,
        1.0
      ]
    ],
    "R": [
      [
        0.96780049628993,
        0.08711555791829849,
        0.23616324639864839
      ],
      [
        -0.10271036426728387,
        0.9932153645737852,
        0.05453274838704549
      ],
      [
        -0.22981031407020658,
        -0.07703323401718598,
        0.9701819934444292
      ]
    ],
    "t": [
      -0.3206405983184567,
      0.03721034479408113,
      0.1250532139400178
    ]
  },
  "\u5fae\u4fe1\u56fe\u7247_20260501210903_199_12.jpg": {
    "K": [
      [
        1200.0,
        0.0,
        500.0
      ],
      [
        0.0,
        1200.0,
        375.0
      ],
      [
        0.0,
        0.0,
        1.0
      ]
    ],
    "R": [
      [
        0.9576267752011143,
        0.28535308482163557,
        0.03904582436946317
      ],
      [
        -0.26607287922548284,
        0.8246142277718427,
        0.4992159836152176
      ],
      [
        0.11025507860672956,
        -0.4884516274300087,
        0.8655973806004729
      ]
    ],
    "t": [
      -0.024858901485729987,
      -0.472799911600746,
      -0.15455835776496574
    ]
  },
  "\u5fae\u4fe1\u56fe\u7247_20260501210904_200_12.jpg": {
    "K": [
      [
        1200.0,
        0.0,
        500.0
      ],
      [
        0.0,
        1200.0,
        375.0
      ],
      [
        0.0,
        0.0,
        1.0
      ]
    ],
    "R": [
      [
        0.8609109944036122,
        0.48480709984382725,
        0.15425412686862136
      ],
      [
        -0.48250733944252305,
        0.6819284685788257,
        0.5496910324226102
      ],
      [
        0.16130383473148205,
        -0.5476638016911056,
        0.8210026998848201
      ]
    ],
    "t": [
      1.5555937495624739,
      -0.058463816273564694,
      0.669075733090007
    ]
  },
  "\u5fae\u4fe1\u56fe\u7247_20260501210908_203_12.jpg": {
    "K": [
      [
        1200.0,
        0.0,
        500.0
      ],
      [
        0.0,
        1200.0,
        375.0
      ],
      [
        0.0,
        0.0,
        1.0
      ]
    ],
    "R": [
      [
        0.3911944988439624,
        -0.9189957753227844,
        -0.04912869846734466
      ],
      [
        0.9115659104602696,
        0.39426648425295757,
        -0.11662559874037949
      ],
      [
        0.12654823175754265,
        0.0008392459035067162,
        0.9919601003595622
      ]
    ],
    "t": [
      0.6196478296638553,
      -0.10879921457818695,
      1.4720479356588176
    ]
  },
  "\u5fae\u4fe1\u56fe\u7247_20260501210910_204_12.jpg": {
    "K": [
      [
        1200.0,
        0.0,
        500.0
      ],
      [
        0.0,
        1200.0,
        375.0
      ],
      [
        0.0,
        0.0,
        1.0
      ]
    ],
    "R": [
      [
        0.9987839269597101,
        -0.04664648580899061,
        -0.015961597934174176
      ],
      [
        0.04173876221570147,
        0.972339135913358,
        -0.22981401284509478
      ],
      [
        0.026240102431997314,
        0.22886832487903586,
        0.9731036670835345
      ]
    ],
    "t": [
      0.2995304958943009,
      0.08641152597199274,
      0.9501655277942395
    ]
  },
  "\u5fae\u4fe1\u56fe\u7247_20260501210911_205_12.jpg": {
    "K": [
      [
        1200.0,
        0.0,
        500.0
      ],
      [
        0.0,
        1200.0,
        375.0
      ],
      [
        0.0,
        0.0,
        1.0
      ]
    ],
    "R": [
      [
        0.9596627601412665,
        0.2769744351093571,
        0.04829647082239504
      ],
      [
        -0.24275890203908618,
        0.9029477556484126,
        -0.35461735159220864
      ],
      [
        -0.14182913057204888,
        0.32858866819375754,
        0.9337633452089611
      ]
    ],
    "t": [
      0.22490773063298627,
      0.36699513291377556,
      1.6591180054772805
    ]
  },
  "\u5fae\u4fe1\u56fe\u7247_20260501210912_206_12.jpg": {
    "K": [
      [
        1200.0,
        0.0,
        500.0
      ],
      [
        0.0,
        1200.0,
        375.0
      ],
      [
        0.0,
        0.0,
        1.0
      ]
    ],
    "R": [
      [
        -0.9529721840746226,
        0.28758812349063734,
        0.09558811436144979
      ],
      [
        -0.28607680208973374,
        -0.9577539081681106,
        0.029453602408224037
      ],
      [
        0.1000203963507193,
        0.0007229217415195242,
        0.9949851243601592
      ]
    ],
    "t": [
      -0.21321697337640927,
      0.054582856557777316,
      0.7160495358197442
    ]
  },
  "\u5fae\u4fe1\u56fe\u7247_20260501210913_207_12.jpg": {
    "K": [
      [
        1200.0,
        0.0,
        500.0
      ],
      [
        0.0,
        1200.0,
        375.0
      ],
      [
        0.0,
        0.0,
        1.0
      ]
    ],
    "R": [
      [
        0.7290947072672039,
        -0.58271426073412,
        -0.3589777126397098
      ],
      [
        0.6128125879445747,
        0.7893746963139481,
        -0.03671948904784819
      ],
      [
        0.30476489281349806,
        -0.1932140759788223,
        0.9326235472858418
      ]
    ],
    "t": [
      -0.12598474559895784,
      0.6412732106777386,
      1.292702883173214
    ]
  },
  "\u5fae\u4fe1\u56fe\u7247_20260501210915_208_12.jpg": {
    "K": [
      [
        1200.0,
        0.0,
        500.0
      ],
      [
        0.0,
        1200.0,
        375.0
      ],
      [
        0.0,
        0.0,
        1.0
      ]
    ],
    "R": [
      [
        0.7412527425955758,
        -0.5388443731668014,
        -0.40023882008247785
      ],
      [
        0.5863332163870562,
        0.8100564509529304,
        -0.004680345153123877
      ],
      [
        0.3267380157798398,
        -0.23120399602087252,
        0.916398920377056
      ]
    ],
    "t": [
      -0.1611320724701406,
      0.6459211582299487,
      1.4274956333317086
    ]
  },
  "\u5fae\u4fe1\u56fe\u7247_20260501210916_209_12.jpg": {
    "K": [
      [
        1200.0,
        0.0,
        500.0
      ],
      [
        0.0,
        1200.0,
        375.0
      ],
      [
        0.0,
        0.0,
        1.0
      ]
    ],
    "R": [
      [
        0.3801136168452236,
        -0.8692884354206024,
        -0.31599249094376164
      ],
      [
        0.9183926419990028,
        0.31413754073601363,
        0.2405671644726697
      ],
      [
        -0.10985715002189744,
        -0.3816480335915936,
        0.9177560596611367
      ]
    ],
    "t": [
      0.3602512663513086,
      0.5619976617484193,
      0.9059530527249036
    ]
  },
  "\u5fae\u4fe1\u56fe\u7247_20260501210917_210_12.jpg": {
    "K": [
      [
        1200.0,
        0.0,
        500.0
      ],
      [
        0.0,
        1200.0,
        375.0
      ],
      [
        0.0,
        0.0,
        1.0
      ]
    ],
    "R": [
      [
        0.35139359873480147,
        -0.8977783284075149,
        -0.2655496409525227
      ],
      [
        0.903142570468167,
        0.25031771126527486,
        0.34881877936124145
      ],
      [
        -0.2466901623015341,
        -0.3624018715027875,
        0.8987818686171412
      ]
    ],
    "t": [
      0.5142118809263605,
      0.0824060963631752,
      0.33754075741633915
    ]
  },
  "\u5fae\u4fe1\u56fe\u7247_20260501210918_211_12.jpg": {
    "K": [
      [
        1200.0,
        0.0,
        500.0
      ],
      [
        0.0,
        1200.0,
        375.0
      ],
      [
        0.0,
        0.0,
        1.0
      ]
    ],
    "R": [
      [
        0.6811301544426938,
        0.7299737251540652,
        -0.05656919032096272
      ],
      [
        -0.5999294391121524,
        0.6007352375141947,
        0.5283955360289699
      ],
      [
        0.4196979637732955,
        -0.3259686104419586,
        0.8471116126054985
      ]
    ],
    "t": [
      0.13388724374668756,
      0.3040337413694109,
      0.4884304254554266
    ]
  },
  "\u5fae\u4fe1\u56fe\u7247_20260501210920_212_12.jpg": {
    "K": [
      [
        1200.0,
        0.0,
        500.0
      ],
      [
        0.0,
        1200.0,
        375.0
      ],
      [
        0.0,
        0.0,
        1.0
      ]
    ],
    "R": [
      [
        0.7522364351563423,
        0.6583423893737025,
        -0.026937779734090173
      ],
      [
        -0.5341704244850912,
        0.6332698181629269,
        0.5600279412755323
      ],
      [
        0.38574901584928983,
        -0.40688405689780693,
        0.8280356640952652
      ]
    ],
    "t": [
      0.14291758192324935,
      0.47912579894249757,
      0.7855211781244452
    ]
  },
  "\u5fae\u4fe1\u56fe\u7247_20260501210921_213_12.jpg": {
    "K": [
      [
        1200.0,
        0.0,
        500.0
      ],
      [
        0.0,
        1200.0,
        375.0
      ],
      [
        0.0,
        0.0,
        1.0
      ]
    ],
    "R": [
      [
        -0.9506150928596334,
        0.2558796125759316,
        0.17566037998211687
      ],
      [
        -0.12267931375429886,
        -0.8296531001593838,
        0.5446333806999879
      ],
      [
        0.2850977572767714,
        0.49618681689854954,
        0.8200718941238261
      ]
    ],
    "t": [
      -0.21334811137725726,
      0.5640988945518095,
      0.5438027678506314
    ]
  },
  "\u5fae\u4fe1\u56fe\u7247_20260501210922_214_12.jpg": {
    "K": [
      [
        1200.0,
        0.0,
        500.0
      ],
      [
        0.0,
        1200.0,
        375.0
      ],
      [
        0.0,
        0.0,
        1.0
      ]
    ],
    "R": [
      [
        -0.9736414437010351,
        0.22796222826512708,
        0.007453964861873982
      ],
      [
        -0.17769115320287704,
        -0.778609059553411,
        0.6018253787061363
      ],
      [
        0.1429971789274027,
        0.5846376269671247,
        0.7985929200494157
      ]
    ],
    "t": [
      -0.051053668537142244,
      0.06725485748389272,
      0.26782206535245373
    ]
  },
  "\u5fae\u4fe1\u56fe\u7247_20260501210923_215_12.jpg": {
    "K": [
      [
        1200.0,
        0.0,
        500.0
      ],
      [
        0.0,
        1200.0,
        375.0
      ],
      [
        0.0,
        0.0,
        1.0
      ]
    ],
    "R": [
      [
        0.6833041699988517,
        0.7259769063594212,
        -0.07780065999067487
      ],
      [
        -0.5930780355063947,
        0.6140289642719687,
        0.5207944650579238
      ],
      [
        0.42585661326561086,
        -0.30971916709803016,
        0.8501295092337676
      ]
    ],
    "t": [
      0.05104632324023421,
      0.07241695488302832,
      0.0483681847916874
    ]
  },
  "\u5fae\u4fe1\u56fe\u7247_20260501210925_216_12.jpg": {
    "K": [
      [
        1200.0,
        0.0,
        500.0
      ],
      [
        0.0,
        1200.0,
        375.0
      ],
      [
        0.0,
        0.0,
        1.0
      ]
    ],
    "R": [
      [
        0.7926480014177282,
        0.6081823017433615,
        -0.04270168257373408
      ],
      [
        -0.5497672830107517,
        0.7432782772981255,
        0.38117363107605823
      ],
      [
        0.2635622893728484,
        -0.2786605288570267,
        0.9235167726022442
      ]
    ],
    "t": [
      -0.30273918946365896,
      -0.06253077421403622,
      -0.15865187807806266
    ]
  },
  "\u5fae\u4fe1\u56fe\u7247_20260501210926_217_12.jpg": {
    "K": [
      [
        1200.0,
        0.0,
        500.0
      ],
      [
        0.0,
        1200.0,
        375.0
      ],
      [
        0.0,
        0.0,
        1.0
      ]
    ],
    "R": [
      [
        -0.9167374953518469,
        0.39655482338652115,
        0.04833876979100229
      ],
      [
        -0.38584936953891924,
        -0.9102788126013504,
        0.15004248516834898
      ],
      [
        0.10350182917437292,
        0.11889808820145369,
        0.9874971473273217
      ]
    ],
    "t": [
      -0.06267876243469135,
      0.21020848927323396,
      -0.39450135642232603
    ]
  },
  "\u5fae\u4fe1\u56fe\u7247_20260501210927_218_12.jpg": {
    "K": [
      [
        1200.0,
        0.0,
        500.0
      ],
      [
        0.0,
        1200.0,
        375.0
      ],
      [
        0.0,
        0.0,
        1.0
      ]
    ],
    "R": [
      [
        0.8130050325618673,
        0.5485344124729117,
        -0.1952762539636469
      ],
      [
        -0.5304162250476487,
        0.836063194926765,
        0.14020328917344388
      ],
      [
        0.24016961763570177,
        -0.010408286210893111,
        0.970675137387825
      ]
    ],
    "t": [
      -0.12431612014024226,
      -0.07001820479329784,
      -0.4370655102916577
    ]
  },
  "\u5fae\u4fe1\u56fe\u7247_20260501210929_219_12.jpg": {
    "K": [
      [
        1200.0,
        0.0,
        500.0
      ],
      [
        0.0,
        1200.0,
        375.0
      ],
      [
        0.0,
        0.0,
        1.0
      ]
    ],
    "R": [
      [
        0.08354708473353652,
        -0.9949162310548108,
        0.05622790958428013
      ],
      [
        0.9733335581055189,
        0.09357139300063842,
        0.20944254361893805
      ],
      [
        -0.21363910994520163,
        0.03723019736196399,
        0.9762029722891709
      ]
    ],
    "t": [
      0.49133225509341916,
      -0.1793768398498714,
      0.13655659043549925
    ]
  },
  "\u5fae\u4fe1\u56fe\u7247_20260501210933_220_12.jpg": {
    "K": [
      [
        1200.0,
        0.0,
        500.0
      ],
      [
        0.0,
        1200.0,
        375.0
      ],
      [
        0.0,
        0.0,
        1.0
      ]
    ],
    "R": [
      [
        -0.9108280577868889,
        0.4020485560166633,
        0.09353719983557193
      ],
      [
        -0.3610519419132778,
        -0.8857885612727369,
        0.29158209814566116
      ],
      [
        0.20008434318760385,
        0.23180936849767497,
        0.9519614867671344
      ]
    ],
    "t": [
      -0.10622253735294301,
      0.2974280609711955,
      0.02515931707878506
    ]
  }
}